0
0
0
0
0
0
0
0
0
0
0
0
0
0
0
0
0
0
0
0
0
0
0
0
0
0
0
0
0
0
0
0
2
0
3
0
0
1
1
1
2
1
1
2
2
5
2
4
10
3
7
6
4
7
8
10
11
7
8
9
11
13
11
11
11
10
12
17
13
9
14
21
25
27
18
18
17
27
28
38
35
32
40
57
52
57
61
81
62
84
81
102
118
119
140
151
189
181
192
201
204
233
229
225
282
260
292
307
341
339
350
353
346
382
339
397
367
403
354
430
397
395
437
430
415
448
432
431
436
494
418
466
477
457
528
461
469
498
504
513
545
534
549
519
586
574
600
620
560
633
682
699
705
714
757
784
736
814
847
812
860
910
917
956
959
1009
1048
1069
1074
1128
1128
1132
1173
1235
1253
1261
1311
1327
1312
1345
1279
1403
1411
1293
1381
1378
1439
1414
1440
1491
1483
1400
1506
1499
1460
1485
1503
1454
1534
1483
1480
1535
1481
1600
1574
1554
1524
1529
1559
1570
1651
1567
1691
1745
1729
1748
1785
1878
1863
1907
2018
2032
2041
2079
2120
2176
2185
2216
2174
2261
2379
2259
2428
2509
2416
2578
2619
2572
2649
2773
2736
2817
2844
2876
2970
3005
2878
3011
3094
3037
3095
3139
3284
3172
3155
3247
3246
3375
3246
3342
3304
3270
3389
3264
3279
3261
3209
3276
3305
3269
3269
3273
3268
3186
3127
3199
3171
3002
2962
3108
3198
3126
3098
3232
3221
3198
3264
3217
3321
3301
3351
3349
3423
3489
3550
3527
3610
3613
3675
3798
3832
3969
3883
3938
3984
4083
4019
4204
4144
4268
4250
4114
4162
4303
4225
4263
4277
4173
4273
4157
4229
4095
4036
3985
3948
3963
4058
3857
3835
3857
3917
3764
3650
3648
3636
3554
3552
3461
3452
3416
3421
3373
3403
3433
3396
3314
3390
3450
3465
3449
3361
3504
3526
3534
3533
3585
3655
3678
3742
3756
3793
3748
4023
4006
4075
4033
4092
4177
4205
4199
4299
4350
4359
4470
4302
4270
4362
4408
4491
4394
4343
4328
4281
4219
4272
4086
4015
4028
3947
3943
3887
3869
3657
3579
3495
3356
3342
3173
3082
3031
2941
2813
2776
2754
2658
2546
2558
2538
2366
2366
2259
2247
2220
2218
2195
2110
2161
2093
2122
2176
2221
2224
2192
2208
2241
2202
2184
2341
2314
2324
2340
2406
2457
2486
2495
2589
2555
2530
2576
2640
2705
2677
2654
2688
2678
2708
2541
2616
2723
2633
2598
2659
2618
2631
2627
2763
2702
2805
2769
2787
2884
2897
2943
3049
3139
3034
3135
3160
3148
3168
3248
3099
3188
3250
3164
3143
3053
3138
3033
3014
2934
2901
2832
2619
2596
2439
2334
2262
2088
1990
1888
1788
1618
1525
1433
1226
1157
1108
1013
972
835
752
669
591
526
420
397
372
286
246
198
171
173
132
111
78
89
71
39
48
36
18
21
16
6
13
8
5
5
5
1
2
2
3
