0
0
0
2
2
113
74
42
95
95
234
210
474
510
726
1304
2805
1659
2737
2264
2473
2627
2985
3231
3564
4418
4382
4966
5514
5327
5429
5627
5402
5273
5367
5025
4920
4926
4708
4473
4362
4178
3922
3735
3425
3449
3114
2736
2664
2403
2320
2049
2152
2027
2139
2546
3916
2864
3566
3369
3648
4088
4203
4616
5029
6294
7307
7338
8644
8267
8718
9093
9347
9648
9915
10475
10502
10761
11130
10840
10790
10780
10517
10383
10306
9789
9677
9286
8981
8452
8132
7749
7525
7003
6597
6486
6070
5721
5429
5091
5009
4956
4588
4598
4343
4424
5338
4686
4984
4760
5312
5381
5546
5922
6050
6604
6788
7098
7528
7454
7723
7997
8107
8100
8226
8233
8297
8380
8207
7969
8205
7934
7638
7473
7468
7270
7137
6802
6602
6245
6019
5684
5542
5259
5142
4885
4844
4563
4420
4186
4280
4086
3941
3836
3578
3580
3272
3409
3390
3163
3216
3149
3376
3318
2984
3168
3071
3030
2879
2942
2892
2858
2756
2730
2744
2637
2700
2630
2650
2530
2418
2491
2404
2337
2290
2369
2287
2200
2198
2080
2038
2066
1993
2004
1975
1983
1984
1978
1937
1842
1852
1807
1795
1680
1673
1638
1502
1538
1412
1418
1344
1334
1264
1247
1153
1206
1122
1017
973
900
923
898
761
769
763
757
698
638
628
611
636
569
599
576
475
501
514
480
449
472
471
467
452
461
428
451
448
426
391
401
430
397
355
410
348
350
372
372
340
324
318
319
337
287
277
249
274
269
293
277
235
231
213
199
212
211
182
165
181
145
135
142
133
166
119
142
108
89
78
100
99
89
71
66
63
67
66
50
37
49
49
42
52
41
34
43
31
33
35
25
28
33
22
37
36
21
32
27
32
25
32
29
27
45
24
30
35
33
23
22
29
26
26
21
21
22
17
22
12
12
15
13
14
13
13
12
9
13
6
3
6
6
12
5
5
8
6
4
10
2
8
2
3
1
3
2
1
1
3
2
1
1
1
2
0
3
2
1
0
1
0
0
0
2
2
0
4
0
0
1
1
0
1
1
1
2
0
0
1
0
2
2
1
2
1
0
0
1
0
0
0
0
1
0
0
0
2
0
0
1
1
0
0
0
0
1
