0
0
0
0
0
0
0
0
0
0
0
0
0
0
0
0
0
0
0
0
0
0
0
0
0
0
0
0
0
0
0
0
0
0
0
0
0
0
0
0
0
0
0
0
0
0
0
1
0
0
0
0
0
0
0
0
0
0
0
1
1
0
0
1
0
0
0
0
0
0
0
0
1
0
0
1
0
0
2
1
1
2
3
2
4
4
3
4
1
5
1
1
4
3
6
3
6
3
0
5
2
5
3
4
4
7
10
3
9
4
6
10
9
4
9
10
11
12
5
5
17
13
12
11
9
17
11
13
16
15
11
22
15
23
11
21
22
24
28
21
20
21
24
21
23
24
27
31
31
30
40
26
41
38
32
42
50
41
47
57
50
74
71
52
66
54
71
64
51
63
49
54
76
59
76
59
69
72
60
61
68
78
76
79
95
79
78
79
91
83
105
100
99
107
92
106
126
117
125
128
119
128
122
130
133
123
137
141
143
154
171
177
184
179
160
163
172
196
188
228
196
191
176
215
190
219
213
200
231
226
214
263
262
273
255
255
329
284
293
309
295
333
336
329
314
326
334
324
362
360
352
353
361
332
352
381
360
354
383
378
363
369
413
407
424
431
454
434
498
494
479
487
540
488
534
501
553
545
558
566
562
569
606
614
602
655
673
683
715
691
738
709
701
761
783
770
847
797
776
761
880
801
800
803
875
903
947
882
897
932
969
900
989
1047
995
1008
1084
990
996
1045
1114
1087
1115
1081
1085
1092
1085
1116
1061
1097
1120
1031
1026
1038
1089
1113
1102
1137
1141
1148
1166
1258
1218
1262
1220
1292
1378
1337
1379
1402
1452
1507
1509
1465
1532
1545
1665
1585
1659
1702
1688
1762
1732
1779
1836
1838
1887
2027
2002
1994
2145
2152
2210
2182
2220
2233
2343
2333
2376
2403
2406
2395
2417
2541
2585
2504
2596
2577
2552
2630
2571
2674
2607
2702
2564
2674
2781
2736
2795
2645
2602
2655
2699
2609
2596
2527
2480
2373
2454
2332
2332
2309
2376
2265
2402
2318
2467
2499
2530
2624
2680
2740
2894
2921
3031
3188
3020
3356
3447
3375
3259
3490
3341
3310
3208
3183
3043
3005
2895
2812
2705
2835
2770
2854
2874
3088
3165
3499
3666
3924
4253
4570
4820
5516
5888
6435
6936
7578
8127
8800
9599
10054
10638
11454
11926
12523
13049
13852
14173
14432
14975
15595
15632
16034
16089
16056
16414
16828
16564
16553
16343
16258
15689
15556
15550
15309
14671
14193
13856
13311
12429
12192
11514
11040
10301
9806
9038
8440
7908
7177
6617
5938
5603
4932
4513
3941
3508
3035
2668
2350
2130
1698
1600
1272
1086
951
749
689
521
442
361
301
254
183
170
109
96
81
47
36
29
29
17
15
12
7
5
5
0
4
0
0
2
0
1
