0
5
23
79
581
19986
27149
4859
8588
10459
35249
36446
43168
67891
113564
186372
387881
249971
565641
227033
234454
301576
260582
327731
333405
421541
420053
556103
558433
530102
633212
529097
541035
538237
493296
509828
485836
481355
460183
458358
435381
416950
395230
363334
337348
334057
302332
267977
247438
222813
232664
210444
198418
204666
234045
308255
478631
336103
609045
323497
359667
461759
392377
538810
515627
651769
795095
841904
1023983
828996
951571
912807
934015
995304
958883
1062883
1047564
1131789
1126378
1087913
1135933
1071407
1065271
1033561
980635
987939
939934
907292
879266
824239
802263
751302
714481
667417
634663
619135
574677
540637
521203
467718
474495
479039
424134
469423
419174
458623
559791
474302
630970
471192
505983
558060
540734
619952
589525
668323
671440
746432
768785
742356
813369
786077
811437
824706
791900
828415
831029
822192
829311
790770
795476
778409
762612
739192
713557
719241
693558
664125
659629
597007
585126
551564
522651
503367
475790
466220
447708
436259
424476
394906
396912
397029
364298
379560
330127
329353
321592
309611
309287
302950
311556
299550
312564
306596
295020
304867
295717
291944
293266
274136
273902
276450
266558
264381
257264
259333
257977
252794
251643
235308
239757
233194
224200
225691
212315
215688
216519
209476
214256
197673
197776
196369
191687
192799
184227
187603
182152
181629
179237
171919
173348
166873
164712
160283
153534
153404
148476
145516
141006
134371
132297
127083
122748
118908
112030
108989
103250
99428
94831
88918
86485
82781
78158
75142
69569
66732
63202
61259
58204
55925
53874
53300
52062
51614
47459
46444
45629
43768
43226
41892
42307
41896
41480
41535
40087
40019
39824
39779
39257
37904
37618
37620
36497
36095
34792
34575
34092
33125
32436
30971
30914
29963
28932
28502
27017
26171
24964
24533
23361
22684
21913
20976
20601
19654
18082
17786
16845
16238
15427
14477
13794
13097
12656
11714
11217
10584
10136
9489
8902
8354
7911
7537
7159
6666
6171
5806
5544
5358
4880
4616
4545
4249
4058
4023
3840
3524
3589
3179
3225
3104
3020
3105
3062
2916
2946
2810
2891
2871
2807
2709
2752
2631
2688
2619
2542
2504
2446
2398
2383
2280
2254
2199
2056
2159
1942
1870
1766
1658
1694
1540
1472
1419
1402
1334
1184
1098
1111
1078
958
879
822
712
713
649
667
549
508
484
481
428
364
383
375
290
267
208
280
250
212
196
162
168
159
160
130
106
146
130
126
120
130
124
124
95
103
92
106
75
93
99
118
93
109
79
66
80
82
64
62
57
64
54
71
74
66
73
82
63
64
48
55
41
41
41
22
24
21
23
27
16
18
13
14
14
17
10
16
18
23
15
12
16
17
16
14
13
9
4
2
2
4
4
5
0
1
0
0
1
1
0
0
3
0
0
0
0
1
2
3
0
2
0
1
0
0
1
0
1
0
0
0
0
0
0
0
0
0
0
0
0
0
1
0
0
0
0
0
0
0
0
0
0
0
0
0
0
0
0
0
0
0
0
0
0
0
0
0
0
0
0
0
0
0
0
0
0
0
0
0
0
0
0
0
0
0
0
0
0
0
0
0
0
0
0
0
0
0
0
0
0
0
0
0
0
0
0
0
0
0
0
0
0
0
0
