0
0
0
0
0
0
0
0
0
0
0
0
0
0
0
0
0
0
0
0
0
0
0
0
0
0
0
0
0
1
0
0
0
0
0
0
0
0
0
0
0
0
0
0
0
0
0
0
0
0
0
2
0
0
0
0
1
0
0
0
1
0
0
0
1
2
0
1
0
0
1
0
1
1
2
2
2
0
4
7
6
3
4
6
5
6
7
5
8
11
6
12
9
8
8
9
11
7
7
8
10
10
11
10
8
19
15
13
10
15
9
10
14
21
23
15
25
25
21
19
19
23
27
33
24
23
35
31
28
30
33
43
40
44
35
43
42
48
59
43
43
48
55
57
52
42
61
57
59
56
86
91
64
88
87
82
95
84
93
110
90
103
101
118
115
109
112
113
124
116
102
160
141
127
159
141
150
150
141
155
172
159
138
142
166
156
167
176
186
197
184
186
217
191
185
225
215
222
208
234
239
246
222
238
258
250
270
285
277
298
266
305
298
308
299
318
329
339
354
347
354
387
394
356
407
405
416
464
423
472
482
435
448
445
457
502
489
500
533
530
542
560
595
557
581
604
638
591
616
614
632
645
655
613
662
670
626
653
687
708
636
712
706
694
676
713
718
744
822
768
797
832
838
878
790
825
871
944
946
945
957
973
976
934
1049
1067
1020
1058
1082
1071
1071
1202
1189
1225
1163
1196
1229
1225
1265
1318
1254
1311
1314
1342
1361
1294
1422
1432
1467
1438
1465
1485
1568
1489
1510
1535
1550
1567
1481
1592
1576
1527
1551
1539
1656
1625
1700
1538
1585
1620
1505
1585
1626
1659
1580
1624
1547
1689
1583
1656
1769
1715
1746
1805
1811
1796
1859
1847
1899
1904
1943
1920
1912
2057
2160
2049
2140
2129
2142
2242
2299
2409
2252
2410
2456
2547
2526
2580
2644
2657
2647
2658
2900
2851
2968
3024
3031
3026
3091
3130
3169
3184
3141
3232
3290
3134
3266
3273
3271
3171
3204
3186
3173
3136
3158
3074
3060
2965
3031
2980
2872
2846
2889
2883
2755
2752
2747
2781
2705
2739
2658
2698
2787
2775
2709
2793
2827
2871
2819
2997
3029
2898
2943
3059
3084
3047
3151
3159
3176
3237
3162
3337
3248
3297
3283
3288
3293
3367
3345
3388
3467
3688
3791
3839
4044
4274
4543
4677
5091
5377
5758
6177
6549
6985
7345
7919
8423
8949
9416
9908
10502
10883
11245
11715
11943
12525
12993
13098
13315
13666
13662
14121
14026
14184
14023
13926
13929
13490
13391
13246
12685
12664
12064
11807
11269
10969
10329
9963
9663
9190
8724
8120
7537
7118
6528
6229
5659
5418
4889
4487
4115
3672
3292
2948
2660
2413
2104
1805
1651
1408
1263
1128
913
820
670
539
484
374
338
244
212
175
145
115
97
75
50
51
41
28
25
23
17
8
6
7
3
5
3
1
1
1
1
