0
0
0
0
0
0
0
0
0
0
0
0
0
0
0
0
0
0
0
0
0
0
0
0
0
0
0
0
0
0
0
0
1
0
1
1
1
0
3
0
7
3
7
4
4
5
1
3
1
8
7
7
5
7
3
8
6
7
6
5
9
7
7
6
6
6
10
8
13
14
12
17
20
32
35
45
65
57
57
68
79
107
109
127
119
153
147
172
189
144
154
153
163
184
175
150
183
162
220
202
220
243
238
258
269
273
329
290
369
368
389
426
400
435
428
416
387
466
423
456
439
455
482
526
467
577
630
672
715
719
765
796
912
1017
924
1005
1083
1092
1167
998
1020
1148
1143
1135
1146
1166
1254
1229
1354
1376
1418
1593
1647
1712
1825
1999
2129
2329
2254
2392
2476
2531
2704
2613
2650
2716
2782
2838
2827
2775
2744
2879
2834
2781
2843
3057
2955
3137
3173
3370
3452
3593
3792
3968
4028
4119
4366
4323
4412
4496
4598
4664
4759
4758
4789
4999
4999
5293
5391
5419
5662
5957
6033
6208
6332
6540
7092
7310
7384
7475
7752
8080
8447
8618
8366
8515
8859
8996
8987
9150
9147
9325
9593
9811
9718
9985
10387
10445
10682
10994
11515
11864
12159
12568
12928
13415
14226
14443
14617
14982
15214
15473
15777
16060
15474
15582
15996
16092
15802
15589
15779
16003
16117
16106
15974
16425
16790
17286
17913
17933
18353
19085
19775
20637
20494
21134
21509
22551
22666
22683
23047
23579
24115
24730
24445
24983
25670
26406
27091
27165
27517
28601
29480
30234
30206
30997
31727
33395
33949
33935
34720
35274
36392
36547
36765
37106
37972
38091
38907
38281
39032
39658
40360
40443
41342
41461
42548
43454
44223
44154
46081
46575
47464
47990
48219
48437
49825
50531
50428
50477
50176
50982
50779
51091
49740
49755
50243
51199
50979
49786
50086
50234
51373
52694
51615
52107
53052
55421
56460
55995
56943
59265
60684
61901
62555
63916
65398
68718
69484
69284
70942
72677
74398
76248
75773
77074
78669
80373
80560
81577
83204
84558
86863
88814
89567
91937
94357
95961
99613
99385
101785
105303
107255
108613
110158
111759
113478
114771
117307
117026
119300
120993
120587
122397
121953
122771
124463
126284
124806
126285
127580
126683
131027
133264
128960
130658
132104
135171
136938
131695
129784
131187
128636
127211
124565
121594
118574
118043
115284
113674
113667
113423
111866
114085
114336
115754
120472
123706
125269
130467
135709
138928
148754
155306
152777
158340
165039
168656
176061
166938
167648
171730
168598
163074
160279
153897
150330
148232
143442
139599
139010
136978
138004
141095
144508
149764
157939
168409
179628
193907
210856
228078
248693
271788
295057
323274
350956
377724
408578
438808
469702
503051
533754
561965
593019
623096
652532
680212
706586
722735
745265
763607
782823
797779
803211
812553
820182
826473
824737
823205
820468
814433
806154
795526
781703
765451
748302
725891
705808
679176
653547
624059
596100
564817
534851
502900
469555
438178
406752
375415
344282
313315
285826
259195
231478
208487
185189
163537
143536
125496
109084
94693
80612
68778
58863
48862
41159
33826
28088
22824
18611
15010
12287
9709
7614
6082
4697
3584
2762
2114
1559
1214
888
582
437
322
225
149
125
85
49
38
23
13
10
8
3
1
2
2
2
0
0
2
