0
0
1
1
6
188
348
38
72
125
372
458
446
775
1171
1830
3787
2456
5415
2160
2269
2846
2656
3249
3349
4240
4192
5257
5630
5389
6219
5359
5352
5303
4936
5142
4841
4924
4546
4589
4496
4247
3884
3589
3388
3399
3118
2619
2499
2195
2309
2128
2116
2073
2329
2979
4811
3375
6074
3091
3593
4618
4014
5209
5039
6444
7753
8166
10143
8422
9394
9258
9421
9699
9698
10704
10508
11124
11388
10813
11360
10667
10544
10331
9819
9898
9473
8907
8896
8252
8219
7496
7133
6625
6312
6303
5729
5477
5174
4716
4725
4912
4269
4727
4173
4577
5573
4849
6225
4724
5088
5589
5400
6234
5799
6834
6942
7408
7805
7531
8011
8004
8095
8116
8022
8232
8347
8232
8314
7905
7919
7824
7587
7477
7029
7160
6931
6589
6625
5881
5817
5634
5259
4999
4795
4684
4394
4456
4302
4016
4000
3963
3778
3711
3284
3249
3131
3117
3100
3092
3101
3047
3130
3052
2884
3169
2974
2939
2941
2739
2722
2840
2705
2664
2545
2593
2651
2480
2387
2291
2438
2382
2376
2268
2150
2152
2101
2064
2092
1958
2004
1968
1888
2009
1942
1906
1845
1850
1809
1741
1686
1749
1577
1560
1528
1556
1504
1448
1315
1327
1349
1194
1211
1171
1166
1085
1044
996
1034
881
850
856
756
734
671
675
615
575
594
570
556
561
504
539
460
468
470
416
453
390
386
433
420
405
403
366
442
396
394
359
354
383
365
366
354
331
383
345
311
350
346
307
314
320
259
243
238
247
196
227
219
204
180
198
164
202
162
180
152
142
135
118
127
122
105
97
105
108
99
97
95
77
90
54
61
70
66
64
40
53
41
34
44
45
35
36
33
43
30
44
36
24
24
39
25
42
23
30
33
21
30
24
27
15
31
22
25
22
27
22
34
24
16
17
27
20
23
22
20
20
15
16
24
10
7
12
5
13
16
11
16
6
4
6
7
9
2
11
3
6
3
4
1
2
3
5
3
2
3
1
1
3
3
0
1
1
0
1
2
1
0
1
0
0
1
1
3
0
0
2
1
2
2
1
0
1
0
1
0
2
0
2
0
1
1
1
1
2
0
2
0
0
1
1
0
1
