0
0
0
0
0
0
0
0
0
0
0
0
0
0
0
0
0
0
0
0
0
0
0
0
0
0
0
0
0
0
1
1
1
0
1
4
2
3
3
6
9
6
11
6
8
7
6
8
8
12
12
10
13
17
5
14
8
10
11
12
13
12
16
15
11
15
20
20
21
25
22
35
37
61
57
89
131
126
119
132
155
201
235
257
251
296
310
331
347
306
307
317
329
361
351
310
346
350
400
417
449
461
477
514
532
538
651
599
740
746
751
832
798
883
854
842
855
892
831
879
909
963
976
1009
949
1131
1321
1321
1365
1454
1574
1621
1830
1964
1907
1992
2155
2201
2284
1987
2132
2282
2260
2331
2330
2333
2429
2504
2676
2754
2868
3175
3386
3486
3712
3938
4283
4542
4661
4788
4998
5103
5335
5273
5388
5437
5565
5497
5646
5513
5558
5676
5572
5766
5750
6038
6045
6342
6393
6698
6936
7186
7588
7825
8062
8156
8595
8697
8929
9066
9214
9373
9626
9592
9615
9873
10046
10641
10791
10852
11223
11758
12033
12432
12616
13120
13968
14596
14814
15071
15514
15944
16772
17130
16865
17122
17621
18097
18251
18274
18147
18801
19073
19535
19434
19688
20541
20933
21416
22085
22899
23809
24422
25061
26064
26857
28146
28983
29385
29803
30346
31037
31595
31957
31074
31250
31711
31949
31754
31016
31498
31928
32112
32283
31914
32748
33618
34534
35496
35605
36600
38391
39620
41005
40736
41957
43011
44669
45432
45408
46015
47434
48520
49202
48960
49787
50816
52766
54099
54041
54970
57135
58973
60715
60443
62309
63863
66504
67912
67935
69767
70358
72652
73142
73349
74219
76028
76344
77994
76700
78165
79267
80553
81101
82330
83254
85608
86594
87887
88365
91242
93235
94604
95899
96281
96929
99464
101138
100949
100186
100500
101497
101789
102562
99951
99625
100680
102164
101650
98914
100124
100809
102683
104937
102816
103816
106091
110556
113006
111930
113974
117722
121662
123869
125205
126815
130593
136713
139035
138758
141601
145236
148533
151938
151327
154040
157986
160655
161480
163203
167236
169091
174015
177699
178393
183486
188801
192247
199002
198484
204276
209988
213801
216342
220305
223862
227579
230875
235036
234556
238473
241316
241826
244843
243693
245684
249345
251832
249673
251402
254153
253723
260936
266586
258152
261591
263645
269218
273867
262330
259958
262159
257430
253726
248852
242978
236954
236157
230678
227603
227539
226690
223655
227771
228661
232004
240697
247892
250182
261071
271340
278028
297084
310335
305188
317155
329166
338111
352094
333212
335274
342309
336880
326051
319699
307853
300770
296296
286987
279374
277631
273795
276192
281891
288992
299893
315555
336633
359437
387478
421777
456622
498561
543291
591091
645753
701789
756697
816674
876603
941119
1006989
1067473
1125567
1186663
1247215
1304980
1360826
1410046
1446232
1490147
1527682
1566096
1596392
1605105
1624699
1641351
1653059
1650780
1646710
1640767
1631618
1612788
1590541
1563096
1532587
1496944
1454024
1410635
1359698
1307126
1249565
1190999
1130347
1069859
1006853
939304
875884
813046
750763
688128
627997
571927
517013
463323
416539
370230
327274
287220
250963
217838
189177
161330
137984
117303
98260
82518
68002
56382
46143
37466
30041
24410
19523
15302
12139
9370
7150
5503
4208
3221
2405
1810
1216
848
644
447
313
261
175
103
71
43
31
21
15
8
2
5
2
2
0
0
2
