0
0
0
0
0
46
33
51
33
48
76
115
163
259
485
599
1189
887
1219
1104
1169
1563
1511
2198
2062
2670
2937
3336
3652
3881
4178
4427
4641
4567
4543
4813
4653
4846
4494
4531
4570
4397
4343
4220
4154
4018
3883
3648
3532
3442
3267
3007
2923
2877
2799
2917
3255
2844
2915
2673
2662
3168
2942
3607
3530
4301
4958
5062
5537
5771
6315
6609
6948
7438
7477
8398
8347
9019
9161
9433
9597
9755
9790
9947
9949
10001
9847
9844
9636
9556
9175
9324
8790
8637
8305
8260
8011
7555
7289
7000
6685
6455
6228
5985
5786
5633
5600
5264
5305
4986
5074
5160
5026
5319
5208
5473
5668
5859
6093
6382
6515
6835
7132
7093
7338
7520
7495
7820
7768
7784
7678
7890
7743
7782
7551
7615
7615
7499
7250
7095
7001
6889
6743
6664
6489
6128
5995
6062
5583
5562
5273
5334
4936
4776
4616
4508
4264
4128
4141
3849
3710
3660
3664
3499
3465
3326
3285
3275
3151
3167
3168
3145
3098
2940
2992
2756
2972
2858
2778
2690
2718
2653
2597
2578
2656
2566
2526
2545
2592
2392
2363
2275
2229
2283
2250
2167
2146
2191
1968
2024
2004
2001
2008
1851
1836
1883
1791
1801
1701
1732
1611
1622
1568
1485
1534
1462
1435
1365
1238
1255
1231
1132
1112
1090
1037
986
940
923
861
848
851
761
753
683
685
655
605
594
592
605
523
507
513
443
466
481
450
483
421
427
474
435
435
452
427
400
421
428
392
359
378
360
392
360
386
343
322
368
322
330
274
286
293
285
252
275
262
250
240
233
216
199
193
180
171
171
162
145
153
128
122
129
122
104
100
93
87
94
79
82
75
79
68
68
48
50
54
45
53
48
47
44
41
37
34
35
39
38
24
24
28
25
30
34
36
25
30
25
23
26
26
22
25
25
27
32
23
20
26
15
22
22
19
23
16
19
13
18
19
15
17
15
17
14
7
16
11
17
10
11
4
12
3
7
7
2
3
5
3
5
1
3
5
2
2
4
1
2
1
0
1
2
0
0
0
1
0
4
0
4
2
2
2
3
1
0
1
1
0
0
1
2
0
1
3
1
1
1
0
1
0
1
0
0
0
1
1
1
0
1
0
1
0
1
0
0
0
1
0
0
1
2
0
0
0
0
0
1
1
